<?xml version="1.0" encoding="ISO-8859-1" ?>	
<BladedProject ApplicationVersion="4.3.0.77">	
	<DataModelVersion>0.2</DataModelVersion>
	<BladedData dataFormat="dtbladed">
<![CDATA[	
CALCN	10
SDSTAT	1
DONGLOG	0
MULTIBODY	1
OPTNS	20919
OUTSTYLE	A
PATH	C:\Users\yizewang\Codes\AutoBladed\src\1.2\012_11\results
RUNNAME	powprod
MSTART CONSTANTS	
RHO	1.225
RHOW	1030
VISCOS	1.983E-05
GRAVITY	9.82
MEND	
	
MSTART RCON	
DIAM	154.9
NB	3
TEETER	N
PTC	1
DELTA3	0
HEIGHT	94.518
HOFFST	0
TOWHT	92.23
TILT	8.72663888888889E-02
CONE	-8.72663888888889E-02
SETANG	0
OVRHNG	4.363
CUTIN	3
CUTOUT	22
ROTN	C
POSITN	U
CNTLS	P
TYPE	Variable
SPIND	5.096
ROOT	1.45
EXTND	2.8
EXTDC	0
MEND	
	
MSTART BGEOMMB	
NBE	66
RJ	0, .5, .5, 1, 1, 2, 2, 4, 4, 6, 6, 8, 8, 10, 10, 12, 12, 14, 14, 17, 17, 20, 20, 23, 23, 26, 26, 29, 29, 32, 32, 35, 35, 38, 38, 41, 41, 44, 44, 47, 47, 50, 50, 53, 53, 56, 56, 59, 59, 62, 62, 65, 65, 68, 68, 71, 71, 73, 73, 74, 74, 75, 75, 75.5, 75.5, 76
DIST	0, .5, .5, 1, 1, 2.000578, 2.000578, 4.006901, 4.006901, 6.012548, 6.012548, 8.014787, 8.014787, 10.01643, 10.01643, 12.01757, 12.01757, 14.01865, 14.01865, 17.02001, 17.02001, 20.0211, 20.0211, 23.02278, 23.02278, 26.02507, 26.02507, 29.02797, 29.02797, 32.03146, 32.03146, 35.03528, 35.03528, 38.03941, 38.03941, 41.04407, 41.04407, 44.0494, 44.0494, 47.0555, 47.0555, 50.06222, 50.06222, 53.07008, 53.07008, 56.07873, 56.07873, 59.08833, 59.08833, 62.09933, 62.09933, 65.11084, 65.11084, 68.12347, 68.12347, 71.13697, 71.13697, 73.14721, 73.14721, 74.15166, 74.15166, 75.15549, 75.15549, 75.65712, 75.65712, 76.1593
REF_X	9.75218E-05, 9.74348E-05, 9.74348E-05, 1.48202E-04, 1.48202E-04, 7.802204E-03, 7.802204E-03, .0464991, .0464991, .0543554, .0543554, 7.964838E-02, 7.964838E-02, 7.773951E-02, 7.773951E-02, 4.408477E-02, 4.408477E-02, 6.71771E-04, 6.71771E-04,-8.644705E-02,-8.644705E-02,-.1664966,-.1664966,-.264316,-.264316,-.3789109,-.3789109,-.5100786,-.5100786,-.6541923,-.6541923,-.8024933,-.8024933,-.9588972,-.9588972,-1.12611,-1.12611,-1.304901,-1.304901,-1.496289,-1.496289,-1.69611,-1.69611,-1.912258,-1.912258,-2.139755,-2.139755,-2.379067,-2.379067,-2.634727,-2.634727,-2.896118,-2.896118,-3.169226,-3.169226,-3.451926,-3.451926,-3.649272,-3.649272,-3.743539,-3.743539,-3.830112,-3.830112,-3.867204,-3.867204,-3.897363
REF_Y	7.21639E-04, 7.26658E-04, 7.26658E-04, 1.410678E-03, 1.410678E-03, .0345347, .0345347, .1889192, .1889192, .3391109, .3391109, .4303272, .4303272, .5113879, .5113879, .5700343, .5700343, .6191396, .6191396, .595085, .595085, .582244, .582244, .5599355, .5599355, .5355857, .5355857, .5214681, .5214681, .5072766, .5072766, .4763469, .4763469, .4582568, .4582568, .452412, .452412, .4571, .4571, .4612575, .4612575, .4828818, .4828818, .5043783, .5043783, .5205909, .5205909, .540482, .540482, .5685824, .5685824, .5979791, .5979791, .6352074, .6352074, .6703339, .6703339, .7163216, .7163216, .7115933, .7115933, .6981166, .6981166, .6819675, .6819675, .6462793
CHORD	2.9, 2.9, 2.9, 2.9, 2.9, 2.938, 2.938, 3.201, 3.201, 3.604, 3.604, 4.003, 4.003, 4.356, 4.356, 4.598, 4.598, 4.7, 4.7, 4.6304, 4.6304, 4.4412, 4.4412, 4.1752, 4.1752, 3.8575, 3.8575, 3.5133, 3.5133, 3.167898, 3.167898, 2.846499, 2.846499, 2.567997, 2.567997, 2.322995, 2.322995, 2.110998, 2.110998, 1.919998, 1.919998, 1.749, 1.749, 1.596996, 1.596996, 1.457999, 1.457999, 1.328001, 1.328001, 1.204996, 1.204996, 1.088, 1.088, .976002, .976002, .868997, .868997, .799997, .799997, .708527, .708527, .510641, .510641, .351888, .351888, .05
TWIST	.1658061, .1658061, .1658061, .1658061, .1658061, .1673246, .1673246, .1752484, .1752484, .1851793, .1851793, .1916893, .1916893, .1897018, .1897018, .1793993, .1793993, .1658061, .1658061, .1475966, .1475966, .1328622, .1328622, .1198171, .1198171, .1022188, .1022188, 8.369143E-02, 8.369143E-02, 6.593482E-02, 6.593482E-02, 4.954689E-02, 4.954689E-02, 3.380141E-02, 3.380141E-02, .0228336, .0228336, 1.629577E-02, 1.629577E-02, 9.996191E-03, 9.996191E-03, 2.997426E-03, 2.997426E-03,-3.629235E-03,-3.629235E-03,-9.49755E-03,-9.49755E-03,-1.557618E-02,-1.557618E-02,-2.383036E-02,-2.383036E-02,-3.325635E-02,-3.325635E-02,-4.086458E-02,-4.086458E-02,-4.363319E-02,-4.363319E-02,-4.363319E-02,-4.363319E-02,-3.465628E-02,-3.465628E-02,-1.429406E-02,-1.429406E-02, 1.563814E-04, 1.563814E-04, 1.745328E-02
CE_X	-7.91853E-04,-8.23375E-04,-8.23375E-04,-1.325571E-03,-1.325571E-03, .1105677, .1105677, .6336343, .6336343, .123727, .123727, .4163599, .4163599, .4664541, .4664541, .4476595, .4476595, .4548998, .4548998, .366339, .366339, .3462621, .3462621, .3168649, .3168649, .2431251, .2431251,-4.782829E-02,-4.782829E-02,-.4187696,-.4187696,-.6063868,-.6063868,-.7402066,-.7402066,-.6918631,-.6918631,-.4147571,-.4147571,-.1744812,-.1744812, .1886775, .1886775, .3383288, .3383288, .4649921, .4649921, .5421311, .5421311, .4428734, .4428734, .7978671, .7978671, 1.342291, 1.342291, 2.219941, 2.219941, 2.793626, 2.793626, 2.596822, 2.596822, 2.117937, 2.117937, 2.091517, 2.091517, 1.113326
CE_Y	50.02509, 50.02526, 50.02526, 50.02623, 50.02623, 50.59944, 50.59944, 51.36906, 51.36906, 49.73759, 49.73759, 47.15821, 47.15821, 45.20651, 45.20651, 43.90385, 43.90385, 43.89404, 43.89404, 43.36043, 43.36043, 43.89211, 43.89211, 44.25085, 44.25085, 44.33541, 44.33541, 44.21037, 44.21037, 43.38245, 43.38245, 41.8594, 41.8594, 40.63787, 40.63787, 40.20786, 40.20786, 40.4662, 40.4662, 40.75461, 40.75461, 41.74827, 41.74827, 42.44263, 42.44263, 42.4753, 42.4753, 42.49173, 42.49173, 43.06903, 43.06903, 43.62023, 43.62023, 44.66479, 44.66479, 44.73606, 44.73606, 47.29736, 47.29736, 46.42845, 46.42845, 46.73651, 46.73651, 47.24461, 47.24461, 43.22524
BTHICK	100, 100, 100, 100, 100, 98.40027, 98.40027, 89.36372, 89.36372, 77.06026, 77.06026, 65.53671, 65.53671, 56.4389, 56.4389, 49.53793, 49.53793, 44.43787, 44.43787, 39.44824, 39.44824, 36.82375, 36.82375, 35.30526, 35.30526, 34.17093, 34.17093, 33.18781, 33.18781, 32.29051, 32.29051, 31.36333, 31.36333, 30.47177, 30.47177, 29.59607, 29.59607, 28.78082, 28.78082, 28.00863, 28.00863, 27.2827, 27.2827, 26.62566, 26.62566, 25.94818, 25.94818, 25.255, 25.255, 24.33125, 24.33125, 23.24742, 23.24742, 21.68926, 21.68926, 19.70073, 19.70073, 18, 18, 17.10919, 17.10919, 16.10919, 16.10919, 15.56824, 15.56824, 15
FOIL	1, 1, 1, 1, 1, 2, 2, 2, 2, 2, 2, 2, 2, 3, 3, 3, 3, 3, 3, 4, 4, 4, 4, 4, 4, 5, 5, 5, 5, 5, 5, 5, 5, 5, 5, 6, 6, 6, 6, 6, 6, 6, 6, 6, 6, 6, 6, 6, 6, 7, 7, 7, 7, 7, 7, 8, 8, 8, 8, 9, 9, 9, 9, 9, 9, 9
MOVING	M,M,M,M,M,M,M,M,M,M,M,M,M,M,M,M,M,M,M,M,M,M,M,M,M,M,M,M,M,M,M,M,M,M,M,M,M,M,M,M,M,M,M,M,M,M,M,M,M,M,M,M,M,M,M,M,M,M,M,M,M,M,M,M,M,M
USER_X	-7.91853E-04,-8.23375E-04,-8.23375E-04,-1.325571E-03,-1.325571E-03, .1105677, .1105677, .6336343, .6336343, .123727, .123727, .4163599, .4163599, .4664541, .4664541, .4476595, .4476595, .4548998, .4548998, .366339, .366339, .3462621, .3462621, .3168649, .3168649, .2431251, .2431251,-4.782829E-02,-4.782829E-02,-.4187696,-.4187696,-.6063868,-.6063868,-.7402066,-.7402066,-.6918631,-.6918631,-.4147571,-.4147571,-.1744812,-.1744812, .1886775, .1886775, .3383288, .3383288, .4649921, .4649921, .5421311, .5421311, .4428734, .4428734, .7978671, .7978671, 1.342291, 1.342291, 2.219941, 2.219941, 2.793626, 2.793626, 2.596822, 2.596822, 2.117937, 2.117937, 2.091517, 2.091517, 1.113326
USER_Y	50.02509, 50.02526, 50.02526, 50.02623, 50.02623, 50.59944, 50.59944, 51.36906, 51.36906, 49.73759, 49.73759, 47.15821, 47.15821, 45.20651, 45.20651, 43.90385, 43.90385, 43.89404, 43.89404, 43.36043, 43.36043, 43.89211, 43.89211, 44.25085, 44.25085, 44.33541, 44.33541, 44.21037, 44.21037, 43.38245, 43.38245, 41.8594, 41.8594, 40.63787, 40.63787, 40.20786, 40.20786, 40.4662, 40.4662, 40.75461, 40.75461, 41.74827, 41.74827, 42.44263, 42.44263, 42.4753, 42.4753, 42.49173, 42.49173, 43.06903, 43.06903, 43.62023, 43.62023, 44.66479, 44.66479, 44.73606, 44.73606, 47.29736, 47.29736, 46.42845, 46.42845, 46.73651, 46.73651, 47.24461, 47.24461, 43.22524
USERZN	1
USERYP	0
MEND	
	
MSTART ADAT	
NFOILS	9
FTYPE	F
NTHICK	2
NREYN	1
SETNB	2
SETNB	-1
SETNB	-1
SETNB	1
SETNB	-1
SETNB	-1
FTYPE	F
NTHICK	2
NREYN	1
SETNB	2
SETNB	-1
SETNB	-1
SETNB	1
SETNB	-1
SETNB	-1
FTYPE	F
NTHICK	2
NREYN	1
SETNB	3
SETNB	-1
SETNB	-1
SETNB	2
SETNB	-1
SETNB	-1
FTYPE	F
NTHICK	2
NREYN	1
SETNB	4
SETNB	-1
SETNB	-1
SETNB	3
SETNB	-1
SETNB	-1
FTYPE	F
NTHICK	2
NREYN	1
SETNB	5
SETNB	-1
SETNB	-1
SETNB	4
SETNB	-1
SETNB	-1
FTYPE	F
NTHICK	2
NREYN	1
SETNB	6
SETNB	-1
SETNB	-1
SETNB	5
SETNB	-1
SETNB	-1
FTYPE	F
NTHICK	2
NREYN	1
SETNB	7
SETNB	-1
SETNB	-1
SETNB	6
SETNB	-1
SETNB	-1
FTYPE	F
NTHICK	2
NREYN	1
SETNB	8
SETNB	-1
SETNB	-1
SETNB	7
SETNB	-1
SETNB	-1
FTYPE	F
NTHICK	1
NREYN	1
SETNB	8
SETNB	-1
SETNB	-1
SETNB	-1
SETNB	-1
SETNB	-1
SETNB	1
*SETNAME	cylinder
XA	25
THICK	100
REYN	1000000
DEPL	0
NALPHA	148
NVALS	3
FORM TABLE DEG	
>	-180	 0	 1	 0
>	-175	 0	 1	 .0218
>	-170	 0	 1	 .0434
>	-165	 0	 1	 .0647
>	-160	 0	 1	 .0855
>	-155	 0	 1	 .1057
>	-150	 0	 1	 .125
>	-145	 0	 1	 .1434
>	-140	 0	 1	 .1607
>	-135	 0	 1	 .1768
>	-130	 0	 1	 .1915
>	-125	 0	 1	 .2048
>	-120	 0	 1	 .2165
>	-115	 0	 1	 .2266
>	-110	 0	 1	 .2349
>	-105	 0	 1	 .2415
>	-100	 0	 1	 .2462
>	-95	 0	 1	 .249
>	-90	 0	 1	 .25
>	-85	 0	 1	 .249
>	-80	 0	 1	 .2462
>	-75	 0	 1	 .2415
>	-70	 0	 1	 .2349
>	-65	 0	 1	 .2266
>	-60	 0	 1	 .2165
>	-55	 0	 1	 .2048
>	-50	 0	 1	 .1915
>	-45	 0	 1	 .1768
>	-40	 0	 1	 .1607
>	-35	 0	 1	 .1434
>	-30	 0	 1	 .125
>	-28	 0	 1	 .1174
>	-26	 0	 1	 .1096
>	-24	 0	 1	 .1017
>	-22	 0	 1	 .0937
>	-20	 0	 1	 .0855
>	-18	 0	 1	 .0773
>	-16	 0	 1	 .0689
>	-14	 0	 1	 .0605
>	-13.5	 0	 1	 .0584
>	-13	 0	 1	 .0562
>	-12.5	 0	 1	 .0541
>	-12	 0	 1	 .052
>	-11.5	 0	 1	 .0498
>	-11	 0	 1	 .0477
>	-10.5	 0	 1	 .0456
>	-10	 0	 1	 .0434
>	-9.5	 0	 1	 .0413
>	-9	 0	 1	 .0391
>	-8.5	 0	 1	 .037
>	-8	 0	 1	 .0348
>	-7.5	 0	 1	 .0326
>	-7	 0	 1	 .0305
>	-6.5	 0	 1	 .0283
>	-6	 0	 1	 .0261
>	-5.5	 0	 1	 .024
>	-5	 0	 1	 .0218
>	-4.5	 0	 1	 .0196
>	-4	 0	 1	 .0174
>	-3.5	 0	 1	 .0153
>	-3	 0	 1	 .0131
>	-2.5	 0	 1	 .0109
>	-2	 0	 1	 .0087
>	-1.5	 0	 1	 .0065
>	-1	 0	 1	 .0044
>	-.5	 0	 1	 .0022
>	0	 0	 1	 0
>	.5	 0	 1	-.0022
>	1	 0	 1	-.0044
>	1.5	 0	 1	-.0065
>	2	 0	 1	-.0087
>	2.5	 0	 1	-.0109
>	3	 0	 1	-.0131
>	3.5	 0	 1	-.0153
>	4	 0	 1	-.0174
>	4.5	 0	 1	-.0196
>	5	 0	 1	-.0218
>	5.5	 0	 1	-.024
>	6	 0	 1	-.0261
>	6.5	 0	 1	-.0283
>	7	 0	 1	-.0305
>	7.5	 0	 1	-.0326
>	8	 0	 1	-.0348
>	8.5	 0	 1	-.037
>	9	 0	 1	-.0391
>	9.5	 0	 1	-.0413
>	10	 0	 1	-.0434
>	10.5	 0	 1	-.0456
>	11	 0	 1	-.0477
>	11.5	 0	 1	-.0498
>	12	 0	 1	-.052
>	12.5	 0	 1	-.0541
>	13	 0	 1	-.0562
>	13.5	 0	 1	-.0584
>	14	 0	 1	-.0605
>	14.5	 0	 1	-.0626
>	15	 0	 1	-.0647
>	15.5	 0	 1	-.0668
>	16	 0	 1	-.0689
>	16.5	 0	 1	-.071
>	17	 0	 1	-.0731
>	17.5	 0	 1	-.0752
>	18	 0	 1	-.0773
>	18.5	 0	 1	-.0793
>	19	 0	 1	-.0814
>	19.5	 0	 1	-.0835
>	20	 0	 1	-.0855
>	20.5	 0	 1	-.0876
>	21	 0	 1	-.0896
>	21.5	 0	 1	-.0916
>	22	 0	 1	-.0937
>	24	 0	 1	-.1017
>	26	 0	 1	-.1096
>	28	 0	 1	-.1174
>	30	 0	 1	-.125
>	32	 0	 1	-.1325
>	34	 0	 1	-.1398
>	36	 0	 1	-.1469
>	38	 0	 1	-.1539
>	40	 0	 1	-.1607
>	45	 0	 1	-.1768
>	50	 0	 1	-.1915
>	55	 0	 1	-.2048
>	60	 0	 1	-.2165
>	65	 0	 1	-.2266
>	70	 0	 1	-.2349
>	75	 0	 1	-.2415
>	80	 0	 1	-.2462
>	85	 0	 1	-.249
>	90	 0	 1	-.25
>	95	 0	 1	-.249
>	100	 0	 1	-.2462
>	105	 0	 1	-.2415
>	110	 0	 1	-.2349
>	115	 0	 1	-.2266
>	120	 0	 1	-.2165
>	125	 0	 1	-.2048
>	130	 0	 1	-.1915
>	135	 0	 1	-.1768
>	140	 0	 1	-.1607
>	145	 0	 1	-.1434
>	150	 0	 1	-.125
>	155	 0	 1	-.1057
>	160	 0	 1	-.0855
>	165	 0	 1	-.0647
>	170	 0	 1	-.0434
>	175	 0	 1	-.0218
>	180	 0	 1	 0
SETNB	2
*SETNAME	TR25-2d
XA	25
THICK	60
REYN	2000000
DEPL	0
NALPHA	148
NVALS	3
FORM TABLE DEG	
>	-180	 0	 .1	 0
>	-175	 .1	 .1087	 .0109
>	-170	 .2	 .1347	 .022
>	-165	 .3	 .177	 .0336
>	-160	 .3407	 .2345	 .04
>	-155	 .2926	 .3054	 .0394
>	-150	 .2444	 .3875	 .0405
>	-145	 .1963	 .4783	 .0435
>	-140	 .1481	 .5752	 .0483
>	-135	 .1	 .675	 .0548
>	-130	 .09	 .7748	 .0651
>	-125	 .08	 .8717	 .076
>	-120	 .07	 .9625	 .0869
>	-115	 .0575	 1.0446	 .0971
>	-110	 .045	 1.1155	 .1064
>	-105	 .0325	 1.173	 .1141
>	-100	 .02	 1.2153	 .12
>	-95	 .01	 1.2413	 .1237
>	-90	 0	 1.25	 .125
>	-85	-.011	 1.2413	 .1237
>	-80	-.022	 1.2153	 .1201
>	-75	-.033	 1.173	 .1142
>	-70	-.044	 1.1155	 .1063
>	-65	-.055	 1.0446	 .097
>	-60	-.066	 .9625	 .0867
>	-55	-.077	 .8717	 .0758
>	-50	-.088	 .7748	 .065
>	-45	-.1	 .675	 .0548
>	-40	-.1493	 .5752	 .0484
>	-35	-.1973	 .4783	 .0436
>	-30	-.2453	 .3875	 .0406
>	-28	-.2645	 .3535	 .0399
>	-26	-.2837	 .321	 .0396
>	-24	-.3029	 .2902	 .0395
>	-22	-.3221	 .2614	 .0397
>	-20	-.3413	 .2345	 .0401
>	-18	-.3474	 .2098	 .0395
>	-16	-.3298	 .1874	 .0369
>	-14	-.308	 .1673	 .0339
>	-13.5	-.3015	 .1627	 .0331
>	-13	-.295	 .1582	 .0323
>	-12.5	-.2885	 .1539	 .0315
>	-12	-.282	 .1497	 .0307
>	-11.5	-.2734	 .1457	 .0297
>	-11	-.2648	 .1419	 .0287
>	-10.5	-.2562	 .1382	 .0277
>	-10	-.2476	 .1347	 .0267
>	-9.5	-.239	 .1313	 .0257
>	-9	-.2304	 .1281	 .0248
>	-8.5	-.2197	 .1251	 .0236
>	-8	-.209	 .1223	 .0224
>	-7.5	-.1983	 .1196	 .0212
>	-7	-.1876	 .1171	 .02
>	-6.5	-.1769	 .1147	 .0189
>	-6	-.1662	 .1126	 .0177
>	-5.5	-.1534	 .1106	 .0163
>	-5	-.1406	 .1087	 .015
>	-4.5	-.1278	 .1071	 .0136
>	-4	-.115	 .1056	 .0122
>	-3.5	-.1022	 .1043	 .0108
>	-3	-.0894	 .1031	 .0095
>	-2.5	-.0745	 .1022	 .0079
>	-2	-.0596	 .1014	 .0063
>	-1.5	-.0447	 .1008	 .0047
>	-1	-.0298	 .1004	 .0032
>	-.5	-.0149	 .1001	 .0016
>	0	 0	 .1	 0
>	.5	 .0149	 .1001	-.0016
>	1	 .0298	 .1004	-.0032
>	1.5	 .0447	 .1008	-.0047
>	2	 .0596	 .1014	-.0063
>	2.5	 .0745	 .1022	-.0079
>	3	 .0894	 .1031	-.0095
>	3.5	 .1022	 .1043	-.0108
>	4	 .115	 .1056	-.0122
>	4.5	 .1278	 .1071	-.0136
>	5	 .1406	 .1087	-.015
>	5.5	 .1534	 .1106	-.0163
>	6	 .1662	 .1126	-.0177
>	6.5	 .1769	 .1147	-.0189
>	7	 .1876	 .1171	-.02
>	7.5	 .1983	 .1196	-.0212
>	8	 .209	 .1223	-.0224
>	8.5	 .2197	 .1251	-.0236
>	9	 .2304	 .1281	-.0248
>	9.5	 .239	 .1313	-.0257
>	10	 .2476	 .1347	-.0267
>	10.5	 .2562	 .1382	-.0277
>	11	 .2648	 .1419	-.0287
>	11.5	 .2734	 .1457	-.0297
>	12	 .282	 .1497	-.0307
>	12.5	 .2892	 .1539	-.0316
>	13	 .2963	 .1582	-.0324
>	13.5	 .3035	 .1627	-.0333
>	14	 .3107	 .1673	-.0342
>	14.5	 .3178	 .1721	-.0351
>	15	 .325	 .177	-.036
>	15.5	 .333	 .1821	-.037
>	16	 .341	 .1874	-.0379
>	16.5	 .349	 .1928	-.0389
>	17	 .357	 .1983	-.0399
>	17.5	 .3585	 .204	-.0403
>	18	 .36	 .2098	-.0407
>	18.5	 .3563	 .2158	-.0406
>	19	 .3525	 .2219	-.0406
>	19.5	 .3488	 .2281	-.0405
>	20	 .345	 .2345	-.0404
>	20.5	 .3393	 .241	-.0402
>	21	 .3336	 .2477	-.04
>	21.5	 .3278	 .2545	-.0398
>	22	 .3221	 .2614	-.0397
>	24	 .3029	 .2902	-.0395
>	26	 .2837	 .321	-.0396
>	28	 .2645	 .3535	-.0399
>	30	 .2453	 .3875	-.0406
>	32	 .2261	 .4229	-.0416
>	34	 .2069	 .4596	-.0429
>	36	 .1877	 .4973	-.0444
>	38	 .1685	 .5359	-.0463
>	40	 .1493	 .5752	-.0484
>	45	 .1	 .675	-.0548
>	50	 .089	 .7748	-.0651
>	55	 .078	 .8717	-.0759
>	60	 .067	 .9625	-.0867
>	65	 .056	 1.0446	-.097
>	70	 .045	 1.1155	-.1064
>	75	 .034	 1.173	-.1142
>	80	 .023	 1.2153	-.1201
>	85	 .012	 1.2413	-.1238
>	90	 0	 1.25	-.125
>	95	-.01	 1.2413	-.1237
>	100	-.02	 1.2153	-.12
>	105	-.0325	 1.173	-.1141
>	110	-.045	 1.1155	-.1064
>	115	-.0575	 1.0446	-.0971
>	120	-.07	 .9625	-.0869
>	125	-.08	 .8717	-.076
>	130	-.09	 .7748	-.0651
>	135	-.1	 .675	-.0548
>	140	-.1481	 .5752	-.0483
>	145	-.1963	 .4783	-.0435
>	150	-.2444	 .3875	-.0405
>	155	-.2926	 .3054	-.0394
>	160	-.3407	 .2345	-.04
>	165	-.3	 .177	-.0336
>	170	-.2	 .1347	-.022
>	175	-.1	 .1087	-.0109
>	180	 0	 .1	 0
SETNB	3
*SETNAME	DU00-W2-401lcd
XA	25
THICK	40
REYN	7000000
DEPL	0
NALPHA	148
NVALS	3
FORM TABLE DEG	
>	-180	 0	 .0227	 0
>	-175	 .3294	 .0371	 .1657
>	-170	 .6588	 .1038	 .3334
>	-165	 .5897	 .1954	 .2566
>	-160	 .7087	 .3046	 .3122
>	-155	 .7928	 .4254	 .3567
>	-150	 .8446	 .5523	 .3917
>	-145	 .8667	 .681	 .4187
>	-140	 .8619	 .8076	 .4388
>	-135	 .833	 .9291	 .4532
>	-130	 .7827	 1.0427	 .4627
>	-125	 .7138	 1.1463	 .468
>	-120	 .6288	 1.2381	 .4697
>	-115	 .5303	 1.3167	 .4684
>	-110	 .4209	 1.3811	 .4644
>	-105	 .3031	 1.4304	 .4581
>	-100	 .1791	 1.464	 .4498
>	-95	 .0514	 1.4815	 .4398
>	-90	-.0777	 1.4829	 .4282
>	-85	-.206	 1.468	 .4151
>	-80	-.3311	 1.4372	 .4007
>	-75	-.4508	 1.3908	 .3851
>	-70	-.5629	 1.3294	 .3683
>	-65	-.6649	 1.254	 .3502
>	-60	-.7546	 1.1654	 .3311
>	-55	-.8295	 1.0652	 .3107
>	-50	-.8872	 .955	 .2891
>	-45	-.9253	 .8421	 .2663
>	-40	-.9413	 .7315	 .2423
>	-35	-.9328	 .6236	 .2131
>	-30	-.8813	 .5188	 .1526
>	-28	-.8509	 .4778	 .1231
>	-26	-.8175	 .4374	 .0932
>	-24	-.7821	 .3974	 .0649
>	-22	-.7457	 .3581	 .0398
>	-20	-.7096	 .3192	 .0198
>	-18	-.6771	 .2809	 .0068
>	-16	-.684	 .2431	 .0012
>	-14	-.649	 .2058	-.0029
>	-13.5	-.631	 .1966	-.0031
>	-13	-.613	 .1874	-.0033
>	-12.5	-.592	 .1782	-.0025
>	-12	-.571	 .169	-.0017
>	-11.5	-.55	 .1599	 .0019
>	-11	-.529	 .1508	 .0055
>	-10.5	-.508	 .1418	 .0088
>	-10	-.487	 .1327	 .012
>	-9.5	-.4655	 .1237	 .0111
>	-9	-.444	 .1147	 .0101
>	-8.5	-.4205	 .1058	 .0078
>	-8	-.397	 .0968	 .0055
>	-7.5	-.369	 .0879	 .0028
>	-7	-.341	 .079	 .0001
>	-6.5	-.3065	 .0692	-.0028
>	-6	-.272	 .0595	-.0058
>	-5.5	-.2325	 .0526	-.009
>	-5	-.193	 .0457	-.0122
>	-4.5	-.145	 .0396	-.0156
>	-4	-.097	 .0336	-.019
>	-3.5	-.0485	 .0288	-.0225
>	-3	 0	 .0241	-.026
>	-2.5	 .047	 .0208	-.0296
>	-2	 .094	 .0174	-.0332
>	-1.5	 .1405	 .0154	-.0368
>	-1	 .187	 .0133	-.0403
>	-.5	 .2395	 .0123	-.0438
>	0	 .292	 .0113	-.0473
>	.5	 .341	 .0111	-.0507
>	1	 .39	 .0108	-.0541
>	1.5	 .4475	 .0109	-.0573
>	2	 .505	 .011	-.0605
>	2.5	 .5665	 .0113	-.0646
>	3	 .628	 .0117	-.0688
>	3.5	 .6905	 .012	-.072
>	4	 .753	 .0124	-.0753
>	4.5	 .811	 .013	-.0781
>	5	 .869	 .0137	-.0808
>	5.5	 .921	 .0148	-.0831
>	6	 .967	 .0163	-.0851
>	6.5	 1.007	 .0179	-.0869
>	7	 1.04	 .0204	-.0889
>	7.5	 1.0635	 .0239	-.0903
>	8	 1.087	 .0275	-.0917
>	8.5	 1.105	 .0322	-.0925
>	9	 1.09	 .0393	-.0931
>	9.5	 1.073	 .0468	-.0936
>	10	 1.06	 .0538	-.094
>	10.5	 1.0515	 .0629	-.0945
>	11	 1.043	 .072	-.0951
>	11.5	 1.04	 .0795	-.0957
>	12	 1.037	 .0869	-.0964
>	12.5	 1.0365	 .097	-.0973
>	13	 1.036	 .1071	-.0983
>	13.5	 1.038	 .1191	-.0997
>	14	 1.04	 .1311	-.1011
>	14.5	 1.0425	 .1408	-.1029
>	15	 1.045	 .1505	-.1047
>	15.5	 1.0485	 .1624	-.1072
>	16	 1.052	 .1742	-.1098
>	16.5	 1.0565	 .185	-.1121
>	17	 1.061	 .1958	-.1145
>	17.5	 1.0665	 .2094	-.1183
>	18	 1.072	 .2229	-.1221
>	18.5	 1.08	 .2335	-.1277
>	19	 1.088	 .2441	-.1333
>	19.5	 1.099	 .254	-.1393
>	20	 1.11	 .264	-.1454
>	20.5	 1.1104	 .2739	-.1495
>	21	 1.1054	 .2839	-.1525
>	21.5	 1.0989	 .294	-.1552
>	22	 1.0916	 .3041	-.1576
>	24	 1.0601	 .3452	-.1663
>	26	 1.0283	 .3876	-.1743
>	28	 .9987	 .4317	-.182
>	30	 .9731	 .4777	-.1896
>	32	 .9536	 .5261	-.1972
>	34	 .944	 .5768	-.205
>	36	 .9488	 .6293	-.213
>	38	 .9528	 .6823	-.2214
>	40	 .9527	 .7347	-.2305
>	45	 .9352	 .8608	-.2541
>	50	 .8953	 .9797	-.2765
>	55	 .8355	 1.0914	-.2978
>	60	 .7583	 1.1926	-.318
>	65	 .6662	 1.2819	-.3371
>	70	 .5617	 1.3577	-.3551
>	75	 .4471	 1.4191	-.3719
>	80	 .3249	 1.4653	-.3877
>	85	 .1972	 1.4956	-.4022
>	90	 .0666	 1.5096	-.4154
>	95	-.0648	 1.5072	-.4273
>	100	-.1946	 1.4883	-.4376
>	105	-.3205	 1.4531	-.4463
>	110	-.44	 1.402	-.4529
>	115	-.5509	 1.3357	-.4573
>	120	-.6504	 1.2549	-.4592
>	125	-.7363	 1.1608	-.458
>	130	-.8057	 1.0549	-.4533
>	135	-.856	 .9389	-.4445
>	140	-.8846	 .8151	-.4308
>	145	-.8885	 .6862	-.4114
>	150	-.865	 .5554	-.3853
>	155	-.8113	 .4266	-.3512
>	160	-.7247	 .3044	-.3077
>	165	-.6026	 .1941	-.2531
>	170	-.6588	 .1021	-.3333
>	175	-.3294	 .0358	-.1656
>	180	 0	 .0227	 0
SETNB	4
*SETNAME	DU00-W2-350lcd
XA	25
THICK	35
REYN	8000000
DEPL	0
NALPHA	148
NVALS	3
FORM TABLE DEG	
>	-180	 0	 .0237	 0
>	-175	 .315	 .0371	 .1585
>	-170	 .63	 .104	 .3192
>	-165	 .5926	 .1959	 .2556
>	-160	 .7122	 .3056	 .311
>	-155	 .7967	 .4268	 .3552
>	-150	 .8488	 .5543	 .39
>	-145	 .871	 .6835	 .4167
>	-140	 .8663	 .8107	 .4367
>	-135	 .8373	 .9327	 .4509
>	-130	 .7868	 1.0468	 .4602
>	-125	 .7176	 1.1509	 .4654
>	-120	 .6323	 1.2431	 .4669
>	-115	 .5334	 1.3221	 .4655
>	-110	 .4236	 1.3868	 .4614
>	-105	 .3053	 1.4364	 .455
>	-100	 .1808	 1.4702	 .4466
>	-95	 .0526	 1.4879	 .4365
>	-90	-.0771	 1.4893	 .4249
>	-85	-.206	 1.4745	 .4118
>	-80	-.3317	 1.4436	 .3973
>	-75	-.452	 1.3971	 .3817
>	-70	-.5645	 1.3356	 .3648
>	-65	-.6671	 1.2598	 .3468
>	-60	-.7572	 1.171	 .3277
>	-55	-.8325	 1.0704	 .3073
>	-50	-.8906	 .9597	 .2859
>	-45	-.9289	 .8385	 .2632
>	-40	-.9451	 .7079	 .2392
>	-35	-.9367	 .5732	 .2099
>	-30	-.9094	 .4405	 .1478
>	-28	-.8976	 .3894	 .118
>	-26	-.8875	 .3401	 .0885
>	-24	-.8805	 .293	 .0615
>	-22	-.8781	 .2484	 .0392
>	-20	-.8815	 .2068	 .0235
>	-18	-.8925	 .1684	 .0166
>	-16	-.9111	 .1335	 .0192
>	-14	-.9018	 .1023	 .0232
>	-13.5	-.8948	 .0952	 .0237
>	-13	-.8873	 .0882	 .0242
>	-12.5	-.8693	 .0816	 .0236
>	-12	-.8514	 .0751	 .0231
>	-11.5	-.8349	 .069	 .0215
>	-11	-.818	 .0631	 .02
>	-10.5	-.7925	 .0574	 .0174
>	-10	-.7667	 .0521	 .0149
>	-9.5	-.7362	 .0469	 .0104
>	-9	-.7054	 .0421	 .0058
>	-8.5	-.6679	 .0375	 .0013
>	-8	-.6301	 .0332	-.0033
>	-7.5	-.5866	 .0291	-.0083
>	-7	-.5427	 .025	-.0134
>	-6.5	-.4907	 .0214	-.0184
>	-6	-.4385	 .018	-.0234
>	-5.5	-.382	 .0155	-.0285
>	-5	-.3252	 .0133	-.0335
>	-4.5	-.2638	 .0115	-.0386
>	-4	-.2023	 .0098	-.0436
>	-3.5	-.1369	 .0091	-.0487
>	-3	-.0714	 .0085	-.0537
>	-2.5	-.004	 .0081	-.0587
>	-2	 .0634	 .0077	-.0638
>	-1.5	 .1329	 .0076	-.0678
>	-1	 .2023	 .0075	-.0719
>	-.5	 .2683	 .0075	-.0764
>	0	 .3343	 .0075	-.081
>	.5	 .4057	 .0077	-.0845
>	1	 .4772	 .0079	-.088
>	1.5	 .5497	 .0081	-.0921
>	2	 .6222	 .0083	-.0961
>	2.5	 .6876	 .0084	-.0987
>	3	 .7527	 .0086	-.1012
>	3.5	 .8159	 .0089	-.1038
>	4	 .879	 .0091	-.1063
>	4.5	 .9502	 .0095	-.1083
>	5	 1.0219	 .0099	-.1104
>	5.5	 1.0843	 .0103	-.1124
>	6	 1.1458	 .0106	-.1145
>	6.5	 1.2032	 .0109	-.1155
>	7	 1.2602	 .0112	-.1166
>	7.5	 1.3122	 .0116	-.1176
>	8	 1.3637	 .0119	-.1186
>	8.5	 1.4075	 .0125	-.1192
>	9	 1.4505	 .013	-.1197
>	9.5	 1.4898	 .0139	-.1208
>	10	 1.5225	 .0155	-.1208
>	10.5	 1.5481	 .0181	-.1219
>	11	 1.5667	 .0206	-.1219
>	11.5	 1.5766	 .0236	-.1219
>	12	 1.5783	 .0275	-.1219
>	12.5	 1.5647	 .0347	-.1219
>	13	 1.5497	 .042	-.1219
>	13.5	 1.5275	 .0517	-.1223
>	14	 1.5045	 .0616	-.1228
>	14.5	 1.4801	 .0755	-.1228
>	15	 1.4556	 .0898	-.1228
>	15.5	 1.4329	 .1056	-.1228
>	16	 1.4104	 .1215	-.1228
>	16.5	 1.3825	 .1355	-.1262
>	17	 1.354	 .1493	-.1312
>	17.5	 1.3382	 .1644	-.1362
>	18	 1.3237	 .1796	-.1412
>	18.5	 1.3128	 .1934	-.1441
>	19	 1.3023	 .207	-.1461
>	19.5	 1.2886	 .2206	-.1481
>	20	 1.2728	 .2342	-.1501
>	20.5	 1.2566	 .2477	-.1521
>	21	 1.2404	 .2613	-.1541
>	21.5	 1.2242	 .2748	-.1561
>	22	 1.2082	 .2883	-.158
>	24	 1.1464	 .3421	-.1659
>	26	 1.089	 .3954	-.1738
>	28	 1.0374	 .448	-.1818
>	30	 .9935	 .4997	-.19
>	32	 .9599	 .5502	-.1983
>	34	 .9419	 .5993	-.207
>	36	 .9456	 .6472	-.216
>	38	 .9498	 .694	-.2253
>	40	 .9499	 .7402	-.2351
>	45	 .9331	 .8549	-.2589
>	50	 .8939	 .9703	-.2814
>	55	 .835	 1.0816	-.3028
>	60	 .7587	 1.1826	-.3231
>	65	 .6675	 1.2718	-.3422
>	70	 .5639	 1.3476	-.3602
>	75	 .4503	 1.4092	-.3771
>	80	 .3289	 1.4556	-.3928
>	85	 .2021	 1.4862	-.4073
>	90	 .0723	 1.5007	-.4205
>	95	-.0584	 1.4988	-.4323
>	100	-.1875	 1.4805	-.4425
>	105	-.3128	 1.446	-.451
>	110	-.4318	 1.3957	-.4575
>	115	-.5423	 1.3302	-.4618
>	120	-.6416	 1.2502	-.4634
>	125	-.7273	 1.157	-.4621
>	130	-.7967	 1.0519	-.4572
>	135	-.8472	 .9368	-.4481
>	140	-.876	 .8139	-.4341
>	145	-.8803	 .6857	-.4144
>	150	-.8575	 .5556	-.388
>	155	-.8046	 .4273	-.3535
>	160	-.719	 .3054	-.3096
>	165	-.5981	 .1953	-.2546
>	170	-.63	 .1033	-.3192
>	175	-.315	 .0365	-.1585
>	180	 0	 .0237	 0
SETNB	5
*SETNAME	DU97-W-300lcd
XA	25
THICK	30
REYN	8000000
DEPL	0
NALPHA	148
NVALS	3
FORM TABLE DEG	
>	-180	 0	 .0237	 0
>	-175	 .315	 .0368	 .1585
>	-170	 .63	 .1036	 .3192
>	-165	 .5952	 .1956	 .2548
>	-160	 .7154	 .3055	 .31
>	-155	 .8005	 .427	 .354
>	-150	 .8529	 .5548	 .3885
>	-145	 .8755	 .6845	 .4151
>	-140	 .8709	 .8121	 .4349
>	-135	 .842	 .9345	 .449
>	-130	 .7915	 1.0491	 .4582
>	-125	 .7222	 1.1537	 .4632
>	-120	 .6368	 1.2464	 .4646
>	-115	 .5377	 1.3258	 .4631
>	-110	 .4276	 1.3909	 .4589
>	-105	 .3089	 1.4409	 .4524
>	-100	 .1841	 1.475	 .444
>	-95	 .0554	 1.493	 .4338
>	-90	-.0747	 1.4946	 .4221
>	-85	-.204	 1.48	 .409
>	-80	-.3302	 1.4492	 .3945
>	-75	-.451	 1.4028	 .3788
>	-70	-.5641	 1.3413	 .362
>	-65	-.6671	 1.2655	 .344
>	-60	-.7578	 1.1765	 .3249
>	-55	-.8335	 1.0757	 .3046
>	-50	-.892	 .9648	 .2832
>	-45	-.9308	 .8374	 .2606
>	-40	-.9473	 .6899	 .2367
>	-35	-.9391	 .5303	 .2117
>	-30	-.9385	 .3723	 .1853
>	-28	-.9457	 .3131	 .1719
>	-26	-.9556	 .2578	 .1548
>	-24	-.9678	 .207	 .1353
>	-22	-.982	 .1614	 .1139
>	-20	-.998	 .1216	 .0912
>	-18	-1.0157	 .0876	 .0675
>	-16	-1.0353	 .0596	 .0428
>	-14	-1.0571	 .0376	 .0173
>	-13.5	-1.063	 .033	 .0109
>	-13	-1.0693	 .0288	 .0044
>	-12.5	-1.0761	 .025	-.0021
>	-12	-1.0842	 .0214	-.0086
>	-11.5	-1.0942	 .0182	-.0152
>	-11	-1.1042	 .0153	-.0217
>	-10.5	-1.081	 .0123	-.0282
>	-10	-1.0579	 .011	-.0348
>	-9.5	-1.0318	 .0097	-.0403
>	-9	-.9732	 .0095	-.0462
>	-8.5	-.9085	 .009	-.0524
>	-8	-.8385	 .0088	-.0564
>	-7.5	-.769	 .0086	-.0581
>	-7	-.701	 .0085	-.0607
>	-6.5	-.6342	 .0084	-.0645
>	-6	-.5664	 .0083	-.0684
>	-5.5	-.4979	 .0082	-.0722
>	-5	-.43	 .0081	-.0756
>	-4.5	-.3612	 .0081	-.0788
>	-4	-.2923	 .008	-.082
>	-3.5	-.2234	 .0079	-.0851
>	-3	-.1542	 .0079	-.0878
>	-2.5	-.0862	 .0079	-.0905
>	-2	-.0191	 .0079	-.093
>	-1.5	 .0486	 .0079	-.0955
>	-1	 .116	 .0079	-.0979
>	-.5	 .1826	 .0079	-.1002
>	0	 .2486	 .008	-.1025
>	.5	 .3143	 .008	-.1046
>	1	 .3795	 .0081	-.1067
>	1.5	 .4445	 .0082	-.1086
>	2	 .5092	 .0082	-.1104
>	2.5	 .5735	 .0083	-.1121
>	3	 .6372	 .0085	-.1137
>	3.5	 .7007	 .0086	-.1151
>	4	 .7636	 .0088	-.1164
>	4.5	 .8268	 .0089	-.1175
>	5	 .8899	 .009	-.1186
>	5.5	 .9525	 .0092	-.1196
>	6	 1.015	 .0094	-.1204
>	6.5	 1.077	 .0096	-.121
>	7	 1.137	 .0098	-.1213
>	7.5	 1.193	 .0104	-.1215
>	8	 1.2469	 .0111	-.1216
>	8.5	 1.2967	 .012	-.1213
>	9	 1.3423	 .013	-.1208
>	9.5	 1.3835	 .0142	-.1199
>	10	 1.4179	 .0152	-.1185
>	10.5	 1.443	 .0164	-.1168
>	11	 1.468	 .0179	-.1143
>	11.5	 1.4893	 .0197	-.1111
>	12	 1.5039	 .0222	-.1071
>	12.5	 1.5128	 .0254	-.1025
>	13	 1.5143	 .0296	-.1135
>	13.5	 1.5005	 .036	-.1142
>	14	 1.4721	 .0425	-.1129
>	14.5	 1.4411	 .0518	-.1116
>	15	 1.3978	 .0636	-.1107
>	15.5	 1.3534	 .0765	-.11
>	16	 1.308	 .0901	-.1097
>	16.5	 1.2689	 .104	-.1096
>	17	 1.24	 .1177	-.1101
>	17.5	 1.2173	 .1302	-.1114
>	18	 1.198	 .1426	-.1133
>	18.5	 1.184	 .1542	-.1158
>	19	 1.1773	 .1648	-.1185
>	19.5	 1.1674	 .1754	-.1212
>	20	 1.1564	 .1862	-.124
>	20.5	 1.1452	 .197	-.1268
>	21	 1.134	 .2079	-.1296
>	21.5	 1.1229	 .219	-.1325
>	22	 1.1118	 .2301	-.1353
>	24	 1.0693	 .2759	-.147
>	26	 1.0301	 .3237	-.1589
>	28	 .9954	 .3741	-.1709
>	30	 .9665	 .4271	-.1829
>	32	 .9457	 .4829	-.1947
>	34	 .9371	 .5407	-.2061
>	36	 .9435	 .5994	-.2172
>	38	 .9478	 .6575	-.2277
>	40	 .948	 .714	-.2376
>	45	 .9315	 .8456	-.2615
>	50	 .8927	 .9655	-.2841
>	55	 .8341	 1.0765	-.3056
>	60	 .7583	 1.1774	-.3259
>	65	 .6676	 1.2664	-.3451
>	70	 .5645	 1.3422	-.3631
>	75	 .4513	 1.4038	-.38
>	80	 .3305	 1.4503	-.3957
>	85	 .2042	 1.481	-.4101
>	90	 .0747	 1.4957	-.4233
>	95	-.0555	 1.494	-.435
>	100	-.1842	 1.476	-.4452
>	105	-.3091	 1.4419	-.4536
>	110	-.4279	 1.3919	-.46
>	115	-.5381	 1.3268	-.4642
>	120	-.6372	 1.2473	-.4658
>	125	-.7228	 1.1545	-.4643
>	130	-.7921	 1.0499	-.4592
>	135	-.8426	 .9352	-.45
>	140	-.8715	 .8127	-.4359
>	145	-.8761	 .685	-.4161
>	150	-.8536	 .5552	-.3894
>	155	-.8011	 .4273	-.3548
>	160	-.716	 .3057	-.3107
>	165	-.5956	 .1957	-.2554
>	170	-.63	 .1037	-.3192
>	175	-.315	 .0369	-.1585
>	180	 0	 .0237	 0
SETNB	6
*SETNAME	DU91-W2-250lcd
XA	25
THICK	25
REYN	6000000
DEPL	0
NALPHA	148
NVALS	3
FORM TABLE DEG	
>	-180	 0	 .0193	 0
>	-175	 .3818	 .035	 .1917
>	-170	 .7637	 .1006	 .3848
>	-165	 .6007	 .1918	 .2533
>	-160	 .7227	 .3013	 .308
>	-155	 .8093	 .4229	 .3516
>	-150	 .8631	 .5511	 .3858
>	-145	 .8868	 .6813	 .412
>	-140	 .8833	 .8098	 .4315
>	-135	 .8552	 .9332	 .4453
>	-130	 .8054	 1.0489	 .4542
>	-125	 .7365	 1.1546	 .459
>	-120	 .6513	 1.2486	 .4602
>	-115	 .5522	 1.3293	 .4585
>	-110	 .442	 1.3958	 .4541
>	-105	 .323	 1.447	 .4475
>	-100	 .1977	 1.4823	 .439
>	-95	 .0684	 1.5015	 .4287
>	-90	-.0625	 1.5043	 .4169
>	-85	-.1927	 1.4906	 .4036
>	-80	-.3199	 1.4608	 .3891
>	-75	-.4419	 1.4151	 .3734
>	-70	-.5562	 1.3542	 .3566
>	-65	-.6605	 1.2789	 .3386
>	-60	-.7524	 1.1902	 .3195
>	-55	-.8296	 1.0895	 .2993
>	-50	-.8894	 .9784	 .278
>	-45	-.9295	 .8555	 .2556
>	-40	-.9472	 .7204	 .232
>	-35	-.9401	 .5783	 .2072
>	-30	-.9158	 .4368	 .1808
>	-28	-.9044	 .3825	 .1659
>	-26	-.8925	 .3302	 .1468
>	-24	-.8804	 .2806	 .1245
>	-22	-.8683	 .2341	 .0999
>	-20	-.8563	 .1908	 .074
>	-18	-.8448	 .1512	 .0477
>	-16	-.8342	 .1153	 .0218
>	-14	-.8254	 .0832	-.0028
>	-13.5	-.8237	 .0757	-.0086
>	-13	-.8224	 .0685	-.0143
>	-12.5	-.8217	 .0616	-.0197
>	-12	-.8217	 .0548	-.025
>	-11.5	-.8236	 .0483	-.0301
>	-11	-.831	 .0421	-.035
>	-10.5	-.8381	 .036	-.0397
>	-10	-.8351	 .0301	-.0442
>	-9.5	-.821	 .0249	-.0474
>	-9	-.7859	 .0206	-.0534
>	-8.5	-.7396	 .017	-.0612
>	-8	-.6649	 .014	-.0673
>	-7.5	-.5807	 .0114	-.0734
>	-7	-.4996	 .0095	-.0798
>	-6.5	-.4238	 .0085	-.0861
>	-6	-.3537	 .008	-.0921
>	-5.5	-.2853	 .0077	-.0974
>	-5	-.2177	 .0075	-.1018
>	-4.5	-.1507	 .0074	-.1055
>	-4	-.0846	 .0073	-.1085
>	-3.5	-.0185	 .0071	-.1115
>	-3	 .0468	 .0071	-.1148
>	-2.5	 .1121	 .007	-.118
>	-2	 .1772	 .0069	-.1201
>	-1.5	 .2421	 .0069	-.122
>	-1	 .306	 .0069	-.1236
>	-.5	 .3696	 .0069	-.1246
>	0	 .4333	 .0069	-.1258
>	.5	 .4977	 .0069	-.1273
>	1	 .5608	 .007	-.1287
>	1.5	 .6237	 .007	-.13
>	2	 .6872	 .0071	-.1313
>	2.5	 .7501	 .0071	-.1325
>	3	 .8121	 .0072	-.1336
>	3.5	 .8745	 .0074	-.1347
>	4	 .9363	 .0075	-.1356
>	4.5	 .9979	 .0076	-.1364
>	5	 1.0589	 .0078	-.137
>	5.5	 1.1184	 .0081	-.1374
>	6	 1.1746	 .0085	-.1374
>	6.5	 1.2241	 .0091	-.1372
>	7	 1.2676	 .0102	-.1363
>	7.5	 1.3091	 .012	-.1345
>	8	 1.3466	 .0137	-.1315
>	8.5	 1.3827	 .015	-.1275
>	9	 1.4133	 .016	-.1228
>	9.5	 1.4412	 .0174	-.1195
>	10	 1.4652	 .0194	-.1221
>	10.5	 1.4826	 .022	-.1256
>	11	 1.4949	 .0253	-.1211
>	11.5	 1.4963	 .0302	-.1159
>	12	 1.4783	 .0367	-.1123
>	12.5	 1.4423	 .0446	-.109
>	13	 1.4117	 .0532	-.1056
>	13.5	 1.3839	 .0622	-.106
>	14	 1.3609	 .0716	-.1082
>	14.5	 1.343	 .079	-.1104
>	15	 1.331	 .0866	-.112
>	15.5	 1.3235	 .095	-.1129
>	16	 1.3136	 .1034	-.113
>	16.5	 1.3082	 .1118	-.113
>	17	 1.3052	 .1195	-.113
>	17.5	 1.3047	 .127	-.1137
>	18	 1.3059	 .1346	-.1154
>	18.5	 1.3088	 .1429	-.1178
>	19	 1.3107	 .1518	-.1208
>	19.5	 1.3112	 .1608	-.1242
>	20	 1.3126	 .1705	-.1272
>	20.5	 1.3156	 .1808	-.1301
>	21	 1.3168	 .1913	-.1329
>	21.5	 1.3152	 .2018	-.1358
>	22	 1.311	 .2125	-.1386
>	24	 1.2717	 .2566	-.1499
>	26	 1.2058	 .3033	-.1609
>	28	 1.1267	 .3532	-.1717
>	30	 1.0481	 .4069	-.1824
>	32	 .9834	 .4651	-.1928
>	34	 .9458	 .5274	-.2031
>	36	 .9442	 .5921	-.2131
>	38	 .9481	 .6564	-.223
>	40	 .9478	 .7181	-.2328
>	45	 .9301	 .8573	-.2565
>	50	 .89	 .979	-.279
>	55	 .8301	 1.0902	-.3003
>	60	 .7529	 1.191	-.3205
>	65	 .6609	 1.2797	-.3396
>	70	 .5565	 1.3551	-.3576
>	75	 .4421	 1.4161	-.3745
>	80	 .3201	 1.4618	-.3902
>	85	 .1928	 1.4916	-.4047
>	90	 .0625	 1.5053	-.418
>	95	-.0685	 1.5025	-.4298
>	100	-.1978	 1.4833	-.4401
>	105	-.3232	 1.4479	-.4486
>	110	-.4423	 1.3967	-.4552
>	115	-.5526	 1.3302	-.4596
>	120	-.6517	 1.2494	-.4613
>	125	-.737	 1.1554	-.46
>	130	-.8059	 1.0496	-.4552
>	135	-.8558	 .9339	-.4463
>	140	-.8839	 .8104	-.4325
>	145	-.8874	 .6818	-.4129
>	150	-.8637	 .5515	-.3866
>	155	-.8098	 .4232	-.3523
>	160	-.7232	 .3016	-.3086
>	165	-.6012	 .1919	-.2538
>	170	-.7637	 .1006	-.3848
>	175	-.3818	 .035	-.1917
>	180	 0	 .0193	 0
SETNB	7
*SETNAME	NACA-63421lcd
XA	25
THICK	21
REYN	5000000
DEPL	0
NALPHA	148
NVALS	3
FORM TABLE DEG	
>	-180	 0	 .0195	 0
>	-175	 .3793	 .0355	 .1905
>	-170	 .7585	 .101	 .3823
>	-165	 .5946	 .1919	 .2555
>	-160	 .7151	 .3009	 .3108
>	-155	 .8006	 .4216	 .3549
>	-150	 .8536	 .5489	 .3896
>	-145	 .8768	 .678	 .4163
>	-140	 .8729	 .8054	 .4363
>	-135	 .8447	 .9277	 .4504
>	-130	 .795	 1.0422	 .4597
>	-125	 .7265	 1.1469	 .4648
>	-120	 .6417	 1.2398	 .4663
>	-115	 .5433	 1.3196	 .4648
>	-110	 .4339	 1.3852	 .4607
>	-105	 .3158	 1.4356	 .4543
>	-100	 .1914	 1.4703	 .4459
>	-95	 .0632	 1.489	 .4358
>	-90	-.0666	 1.4913	 .4241
>	-85	-.1957	 1.4774	 .411
>	-80	-.3217	 1.4474	 .3966
>	-75	-.4425	 1.4017	 .3809
>	-70	-.5556	 1.3409	 .364
>	-65	-.6588	 1.2658	 .346
>	-60	-.7496	 1.1775	 .3269
>	-55	-.8257	 1.0774	 .3066
>	-50	-.8847	 .967	 .2851
>	-45	-.9239	 .8392	 .2624
>	-40	-.941	 .6905	 .2385
>	-35	-.9339	 .5304	 .213
>	-30	-.9357	 .3719	 .1727
>	-28	-.9423	 .3123	 .1529
>	-26	-.9517	 .2563	 .1318
>	-24	-.964	 .2048	 .1097
>	-22	-.98	 .1586	 .0867
>	-20	-1.0013	 .1181	 .063
>	-18	-1.0353	 .0838	 .0387
>	-16	-1.1184	 .0562	 .0142
>	-14	-1.1289	 .0353	-.0004
>	-13.5	-1.114	 .0311	-.0025
>	-13	-1.0914	 .0274	-.0056
>	-12.5	-1.061	 .0242	-.0098
>	-12	-1.0261	 .0213	-.0137
>	-11.5	-.9877	 .0189	-.016
>	-11	-.9477	 .0168	-.0186
>	-10.5	-.9005	 .0152	-.023
>	-10	-.8518	 .0141	-.0288
>	-9.5	-.803	 .0131	-.0333
>	-9	-.7485	 .0121	-.0365
>	-8.5	-.6886	 .0111	-.0381
>	-8	-.6278	 .0102	-.0396
>	-7.5	-.5698	 .0095	-.0423
>	-7	-.5139	 .0089	-.0454
>	-6.5	-.4603	 .0085	-.0483
>	-6	-.4058	 .0081	-.0504
>	-5.5	-.3498	 .0078	-.0519
>	-5	-.2888	 .0073	-.053
>	-4.5	-.2229	 .0067	-.0539
>	-4	-.1556	 .0063	-.0547
>	-3.5	-.0908	 .0061	-.0559
>	-3	-.0287	 .006	-.0574
>	-2.5	 .0315	 .006	-.0595
>	-2	 .0903	 .0059	-.062
>	-1.5	 .1498	 .0059	-.0644
>	-1	 .21	 .0059	-.0667
>	-.5	 .2695	 .0059	-.0684
>	0	 .329	 .0059	-.0698
>	.5	 .3885	 .0059	-.071
>	1	 .448	 .006	-.0723
>	1.5	 .5082	 .006	-.0736
>	2	 .5677	 .0061	-.0751
>	2.5	 .6254	 .0062	-.0766
>	3	 .6819	 .0063	-.0781
>	3.5	 .7361	 .0064	-.0797
>	4	 .7893	 .0066	-.0814
>	4.5	 .8461	 .0068	-.0831
>	5	 .9056	 .007	-.0849
>	5.5	 .965	 .0073	-.0867
>	6	 1.0224	 .0076	-.0885
>	6.5	 1.0737	 .0082	-.0902
>	7	 1.1207	 .0089	-.0915
>	7.5	 1.1637	 .0099	-.0918
>	8	 1.2051	 .011	-.0908
>	8.5	 1.2457	 .0124	-.0883
>	9	 1.2793	 .0139	-.0863
>	9.5	 1.3013	 .0151	-.0866
>	10	 1.3179	 .0158	-.0883
>	10.5	 1.3332	 .0164	-.0892
>	11	 1.3443	 .0175	-.0899
>	11.5	 1.3525	 .0189	-.0916
>	12	 1.3576	 .0209	-.0932
>	12.5	 1.3557	 .0233	-.0941
>	13	 1.3446	 .0261	-.0952
>	13.5	 1.3315	 .0294	-.097
>	14	 1.3235	 .0331	-.0976
>	14.5	 1.3188	 .0373	-.0961
>	15	 1.3134	 .042	-.0953
>	15.5	 1.3084	 .0471	-.0964
>	16	 1.3077	 .0527	-.0976
>	16.5	 1.3097	 .0587	-.099
>	17	 1.3107	 .0652	-.1006
>	17.5	 1.3108	 .0721	-.1023
>	18	 1.3091	 .0796	-.1041
>	18.5	 1.3057	 .0874	-.1061
>	19	 1.3008	 .0957	-.1082
>	19.5	 1.2944	 .1044	-.1104
>	20	 1.2866	 .1136	-.1127
>	20.5	 1.2775	 .1232	-.1152
>	21	 1.2673	 .1332	-.1177
>	21.5	 1.256	 .1437	-.1204
>	22	 1.2437	 .1545	-.1231
>	24	 1.1874	 .2019	-.1348
>	26	 1.1244	 .2551	-.1474
>	28	 1.0618	 .3133	-.1603
>	30	 1.0066	 .3755	-.1732
>	32	 .9658	 .4405	-.1857
>	34	 .9461	 .5074	-.1972
>	36	 .9497	 .5749	-.2075
>	38	 .9535	 .6419	-.2174
>	40	 .953	 .7074	-.2271
>	45	 .9348	 .8596	-.2505
>	50	 .8941	 .9884	-.2728
>	55	 .8335	 1.1001	-.2939
>	60	 .7554	 1.2014	-.3141
>	65	 .6625	 1.2905	-.3331
>	70	 .5572	 1.3661	-.3511
>	75	 .4418	 1.4272	-.3679
>	80	 .3188	 1.4729	-.3837
>	85	 .1905	 1.5027	-.3983
>	90	 .0592	 1.5161	-.4116
>	95	-.0727	 1.513	-.4235
>	100	-.2029	 1.4933	-.4339
>	105	-.3291	 1.4574	-.4426
>	110	-.4489	 1.4055	-.4494
>	115	-.5599	 1.3384	-.4539
>	120	-.6595	 1.2568	-.4559
>	125	-.7452	 1.1619	-.4549
>	130	-.8144	 1.0552	-.4503
>	135	-.8644	 .9386	-.4417
>	140	-.8924	 .8141	-.4282
>	145	-.8958	 .6847	-.4091
>	150	-.8715	 .5535	-.3832
>	155	-.817	 .4244	-.3493
>	160	-.7295	 .302	-.3061
>	165	-.6063	 .1919	-.2519
>	170	-.7585	 .1003	-.3822
>	175	-.3793	 .0347	-.1904
>	180	 0	 .0195	 0
SETNB	8
*SETNAME	NACA-63618lcd
XA	25
THICK	18
REYN	4500000
DEPL	0
NALPHA	148
NVALS	3
FORM TABLE DEG	
>	-180	 0	 .0184	 0
>	-175	 .3959	 .035	 .1987
>	-170	 .7918	 .1001	 .3986
>	-165	 .5928	 .1905	 .2561
>	-160	 .7132	 .2989	 .3116
>	-155	 .7985	 .4191	 .3559
>	-150	 .8515	 .5459	 .3907
>	-145	 .8749	 .6746	 .4176
>	-140	 .8712	 .8016	 .4376
>	-135	 .8433	 .9235	 .4519
>	-130	 .794	 1.0378	 .4613
>	-125	 .7258	 1.1423	 .4665
>	-120	 .6414	 1.2351	 .4681
>	-115	 .5435	 1.3148	 .4667
>	-110	 .4344	 1.3803	 .4627
>	-105	 .3168	 1.4307	 .4563
>	-100	 .1929	 1.4655	 .448
>	-95	 .0651	 1.4843	 .4379
>	-90	-.0643	 1.4868	 .4263
>	-85	-.193	 1.4731	 .4132
>	-80	-.3187	 1.4433	 .3988
>	-75	-.4392	 1.3979	 .3831
>	-70	-.552	 1.3375	 .3663
>	-65	-.655	 1.2628	 .3483
>	-60	-.7456	 1.1749	 .3291
>	-55	-.8216	 1.0752	 .3088
>	-50	-.8805	 .9652	 .2872
>	-45	-.9198	 .8362	 .2645
>	-40	-.937	 .6831	 .2405
>	-35	-.9298	 .516	 .2153
>	-30	-.944	 .3507	 .1859
>	-28	-.9605	 .2893	 .1668
>	-26	-.9794	 .2324	 .1441
>	-24	-.9982	 .1809	 .1187
>	-22	-1.0145	 .1355	 .0914
>	-20	-1.0256	 .0969	 .0626
>	-18	-1.0291	 .0655	 .0324
>	-16	-.9924	 .0413	 .0013
>	-14	-1.0108	 .0245	-.0307
>	-13.5	-.9902	 .0215	-.0387
>	-13	-.9696	 .0188	-.0467
>	-12.5	-.949	 .0166	-.0547
>	-12	-.9051	 .0149	-.0625
>	-11.5	-.8555	 .0136	-.0694
>	-11	-.8077	 .0127	-.0743
>	-10.5	-.7567	 .012	-.0771
>	-10	-.7007	 .0114	-.08
>	-9.5	-.6399	 .0108	-.0826
>	-9	-.5784	 .0104	-.0841
>	-8.5	-.5183	 .01	-.0851
>	-8	-.4593	 .0097	-.0862
>	-7.5	-.4016	 .0093	-.0877
>	-7	-.3449	 .009	-.0895
>	-6.5	-.2885	 .0087	-.0915
>	-6	-.2322	 .0084	-.0934
>	-5.5	-.1764	 .0081	-.0953
>	-5	-.1198	 .0078	-.097
>	-4.5	-.063	 .0075	-.0985
>	-4	-.0056	 .0072	-.1
>	-3.5	 .0518	 .0068	-.1015
>	-3	 .1098	 .0064	-.1029
>	-2.5	 .1688	 .006	-.1042
>	-2	 .2278	 .0057	-.1053
>	-1.5	 .2863	 .0057	-.1064
>	-1	 .3445	 .0057	-.1073
>	-.5	 .4022	 .0058	-.108
>	0	 .462	 .0058	-.1086
>	.5	 .5219	 .0058	-.1093
>	1	 .5818	 .0059	-.1101
>	1.5	 .6416	 .0059	-.1112
>	2	 .7001	 .006	-.1125
>	2.5	 .7573	 .0061	-.1139
>	3	 .8135	 .0062	-.1152
>	3.5	 .8697	 .0063	-.1164
>	4	 .9257	 .0065	-.1175
>	4.5	 .9795	 .0068	-.1184
>	5	 1.0297	 .0072	-.1192
>	5.5	 1.077	 .0076	-.1196
>	6	 1.1223	 .0081	-.1188
>	6.5	 1.1662	 .0087	-.1174
>	7	 1.2096	 .0095	-.1163
>	7.5	 1.2514	 .0104	-.1155
>	8	 1.2912	 .0118	-.1146
>	8.5	 1.3286	 .0135	-.1139
>	9	 1.3593	 .0155	-.1132
>	9.5	 1.3809	 .0176	-.1125
>	10	 1.3946	 .0202	-.1122
>	10.5	 1.4078	 .0232	-.1123
>	11	 1.4233	 .0265	-.1124
>	11.5	 1.4379	 .0302	-.1122
>	12	 1.4468	 .0343	-.1109
>	12.5	 1.4463	 .0388	-.1091
>	13	 1.4399	 .0437	-.1074
>	13.5	 1.431	 .0489	-.1066
>	14	 1.4228	 .0546	-.1074
>	14.5	 1.4187	 .0607	-.1091
>	15	 1.4187	 .0671	-.1108
>	15.5	 1.4185	 .0739	-.1116
>	16	 1.4135	 .081	-.1123
>	16.5	 1.405	 .0886	-.1134
>	17	 1.396	 .0965	-.1167
>	17.5	 1.3893	 .1048	-.1201
>	18	 1.3866	 .1135	-.1234
>	18.5	 1.383	 .1225	-.1267
>	19	 1.3774	 .1319	-.1298
>	19.5	 1.37	 .1416	-.1328
>	20	 1.3609	 .1516	-.1358
>	20.5	 1.3503	 .162	-.1386
>	21	 1.3382	 .1728	-.1413
>	21.5	 1.3249	 .1838	-.144
>	22	 1.3104	 .1952	-.1465
>	24	 1.2433	 .2436	-.1561
>	26	 1.168	 .2964	-.1647
>	28	 1.0927	 .3529	-.1726
>	30	 1.0258	 .4123	-.1803
>	32	 .9756	 .4737	-.1879
>	34	 .9503	 .5365	-.1957
>	36	 .953	 .5997	-.2042
>	38	 .9566	 .6625	-.2134
>	40	 .956	 .7243	-.223
>	45	 .9372	 .8698	-.2463
>	50	 .8958	 .9967	-.2684
>	55	 .8345	 1.1089	-.2895
>	60	 .7556	 1.2104	-.3096
>	65	 .6619	 1.2997	-.3286
>	70	 .5557	 1.3753	-.3465
>	75	 .4395	 1.4363	-.3634
>	80	 .3157	 1.4819	-.3792
>	85	 .1866	 1.5113	-.3938
>	90	 .0546	 1.5244	-.4071
>	95	-.078	 1.5208	-.4191
>	100	-.2089	 1.5007	-.4296
>	105	-.3357	 1.4642	-.4384
>	110	-.4559	 1.4117	-.4453
>	115	-.5673	 1.3438	-.45
>	120	-.6672	 1.2615	-.4522
>	125	-.7531	 1.1659	-.4513
>	130	-.8223	 1.0584	-.447
>	135	-.8722	 .9409	-.4386
>	140	-.9001	 .8158	-.4253
>	145	-.903	 .6856	-.4064
>	150	-.8783	 .5537	-.3808
>	155	-.8231	 .4241	-.3473
>	160	-.7347	 .3014	-.3045
>	165	-.6104	 .191	-.2506
>	170	-.7918	 .0994	-.3985
>	175	-.3959	 .0341	-.1987
>	180	 0	 .0184	 0
MEND	
	
MSTART AERO	
TIPLOS	P
HUBLOS	N
WAKE	D
AERTOL	.001
STALLH	Y
SPTC	-3
LESTALL	Y
VPTC	0
RDYS	.2
DYNWAKE_STEP	.05
TSRRAMP .2 .3	
SHTaperN	10
SHTaperPit 0 1.047197 1.308996 1.832594 2.094393 4.188787 4.450586 4.974184 5.235983 6.28318	
SHTaperFactor 1 1 0 0 1 1 0 0 1 1	
MEND	
	
MSTART WINDSEL	
WMODEL	3
MEANHTTYPE	1
UBAR	13
REFHT	94.52
TI	.125979
TI_V	.0925861
TI_W	.057691
WDIR	0
FLINC	0
WINDF	C:\Users\yizewang\Codes\AutoBladed\bladed_model\TurbSim.wnd
DIRAMP	0
DIRSTIME	0
DIRTIMEP	0
DIRTYPE	F
MEND	
	
MSTART SIMCON	
INTTOL	.005
MINSTP	.000001
MAXSTP	1
OPSTP	.05
INITSTEP	0
OUTSTR	50
T_STOP	0
XT_STOP	50
ENDT	650
WSTART	0
MINFAC	.35
TLOGBUF	20
MEND	
	
MSTART DTRAIN	
DTMODEL	3
GRATIO	152.5
GINERT	184.7
BPOS	3
GBXINERT	17.3
LSSDOF 0 0 0 1 0 0	
KLSS 0 0 0 6E+08 0 0	
KHSS	INF
DLSS 0 0 0 3405000 0 0	
LSSLENGTH	0
LSSHINGEPOS	0
SLIPCLUTCH	1
INERTIATOCLUTCH	29.7
SLIPCLUTCHFRICTION	55693
SLIPCLUTCHSTICTION	0
MEND	
	
MSTART GENER	
GMODEL	2
VARSLIP	0
GTAU1	0
GTMAX	54668
GTMIN	0
PHASEANGLE	0
DTDAMP	1
DTDAMP_NUMORD	2
DTDAMP_NUM 3.1987 3198.4 0	
DTDAMP_DENORD	2
DTDAMP_DEN 1 10.6613 56.8489	
MEND	
	
MSTART CONTROL	
CMODEL	6
OMMIN	77.4925533333333
OMMAX	162.943814116496
TRQSPD	0
GAIN_TSR	.502847
OMDEM_QS	162.943801333333
GTORREF	30268
OMDEM_PS	162.943801333333
PITMIN	0
PITMAX	1.570795
PITDIR_PS	F
DISCON_FLAG	1
DISCRETE_Q	2
DISCRETE_P	2
DISCRETE_Y	0
OMTAU	0
POWTAU	0
PITRMIN	-.122172944444444
PITRMAX	.122172944444444
PITACT_NOT_HERE	
MEND	
	
MSTART PITACT	
PITACT_TYPE	0
PITPOS_TYPE	0
PITTAU	.335
FRIC_OFFSET	20000
FRIC_BMGAIN	.0132
FRIC_RFGAIN	.009
FRIC_FXYGAIN	.0342
BREAKXF	0
BREAKXFGAIN	0
BOTTOMPITCH	-5.235983E-02
TOPPITCH	1.6057
MINRATE	-.1221729
MAXRATE	.1221729
COLLECTIVE	N
STEPRATLIM	-.174532777777778	 .174532777777778
STEPACCLIM	.349065555555556	 .349065555555556
MEND	
	
MSTART DISCON	
DISCON_FLAG	2
DISCON	'c:\users\yizewang\codes\autobladed\bladed_model\20210629discon(ct_h155_4.5mw_controller) - 20200117 - zscy-simpack.dll'
DLLCALLSTYLE	0
SAMPLETIME	.02
DISCRETESTYLE	DLL
DISCON_INFILE	DISCON.IN
MAXLOGVARS	70
MEND	
	
MSTART BMASSMB	
CM_X	-1.736213E-03,-1.825877E-03,-1.825877E-03,-3.301116E-03,-3.301116E-03, .218828, .218828, .3966484, .3966484, .3632575, .3632575, .3008095, .3008095, .3539356, .3539356, .5317321, .5317321, .4076656, .4076656, .4915916, .4915916, .4563223, .4563223, .4890085, .4890085, .4571494, .4571494, .2471895, .2471895,-.3311237,-.3311237,-.4411949,-.4411949,-.531932,-.531932,-.5082228,-.5082228,-.2654921,-.2654921,-.1843968,-.1843968, .1157924, .1157924, .2721368, .2721368, .3551469, .3551469, .4303527, .4303527, .3900073, .3900073, .6470554, .6470554, 1.069707, 1.069707, 1.713866, 1.713866, 2.08358, 2.08358, 1.80138, 1.80138, 1.782667, 1.782667, 1.892727, 1.892727, 1.180426
CM_Y	50.05939, 50.0618, 50.0618, 50.10759, 50.10759, 50.50223, 50.50223, 50.73665, 50.73665, 48.24202, 48.24202, 46.58682, 46.58682, 46.10487, 46.10487, 45.60864, 45.60864, 47.06422, 47.06422, 47.19845, 47.19845, 47.55228, 47.55228, 47.41856, 47.41856, 47.02389, 47.02389, 46.43661, 46.43661, 45.06502, 45.06502, 43.60857, 43.60857, 42.77069, 42.77069, 42.17373, 42.17373, 42.43252, 42.43252, 41.68922, 41.68922, 42.41451, 42.41451, 42.86884, 42.86884, 42.47781, 42.47781, 42.36726, 42.36726, 42.87168, 42.87168, 43.48762, 43.48762, 44.44643, 44.44643, 44.3989, 44.3989, 45.6986, 45.6986, 45.06118, 45.06118, 45.74883, 45.74883, 45.49088, 45.49088, 43.96932
MASS	1807.523, 1717.184, 1717.184, 705.4609, 705.4609, 610.1096, 610.1096, 528.6181, 528.6181, 480.2023, 480.2023, 471.4239, 471.4239, 433.2917, 433.2917, 417.9441, 417.9441, 426.9617, 426.9617, 364.9246, 364.9246, 329.0846, 329.0846, 314.5593, 314.5593, 284.1417, 284.1417, 241.6745, 241.6745, 220.1377, 220.1377, 212.8014, 212.8014, 201.9853, 201.9853, 184.8152, 184.8152, 197.1182, 197.1182, 161.6907, 161.6907, 146.8886, 146.8886, 132.7592, 132.7592, 117.4899, 117.4899, 105.0147, 105.0147, 93.93337, 93.93337, 79.89445, 79.89445, 63.62614, 63.62614, 46.46977, 46.46977, 36.57175, 36.57175, 29.19314, 29.19314, 18.50681, 18.50681, 14.81309, 14.81309, 4.325645
SINER	3542.704, 3375.408, 3375.408, 1627.215, 1627.215, 1278.153, 1278.153, 1079.531, 1079.531, 1067.021, 1067.021, 1103.239, 1103.239, 1037.781, 1037.781, 1002.656, 1002.656, 982.4934, 982.4934, 741.5864, 741.5864, 586.1398, 586.1398, 459.2987, 459.2987, 354.3519, 354.3519, 263.2408, 263.2408, 187.1316, 187.1316, 135.5426, 135.5426, 100.0612, 100.0612, 74.32458, 74.32458, 61.46588, 61.46588, 38.17719, 38.17719, 28.27822, 28.27822, 20.80644, 20.80644, 14.26111, 14.26111, 9.964905, 9.964905, 7.07707, 7.07707, 4.846781, 4.846781, 3.13406, 3.13406, 1.717953, 1.717953, 1.138597, 1.138597, .6591087, .6591087, .2813845, .2813845, .1055749, .1055749, 1.90093E-04
RGRATIO	.9925355, .9920472, .9920472, .9818848, .9818848, 1.022381, 1.022381, .997324, .997324, .9056777, .9056777, .8018135, .8018135, .7225665, .7225665, .6433195, .6433195, .5740058, .5740058, .5268553, .5268553, .5020261, .5020261, .4926901, .4926901, .4822846, .4822846, .4683547, .4683547, .459687, .459687, .4558426, .4558426, .4492114, .4492114, .4435481, .4435481, .424978, .424978, .4396187, .4396187, .4274448, .4274448, .416117, .416117, .4186517, .4186517, .4149215, .4149215, .3934103, .3934103, .3669075, .3669075, .3311065, .3311065, .3011568, .3011568, .2680572, .2680572, .2565445, .2565445, .2032794, .2032794, .1719282, .1719282, .1226674
BETA_M	.1678281, .1675436, .1675436, .1656699, .1656699,-1.430318,-1.430318, .8396568, .8396568, .3049664, .3049664, .2557497, .2557497, .2341846, .2341846, .2142535, .2142535, .1881236, .1881236, .1604442, .1604442, .1431277, .1431277, .1298547, .1298547, .1160122, .1160122, .1018649, .1018649, 8.494467E-02, 8.494467E-02, 7.251433E-02, 7.251433E-02, 5.792879E-02, 5.792879E-02, 4.821412E-02, 4.821412E-02, 4.238197E-02, 4.238197E-02, 3.156685E-02, 3.156685E-02, 2.348246E-02, 2.348246E-02, 1.763642E-02, 1.763642E-02, 1.556798E-02, 1.556798E-02, 1.356236E-02, 1.356236E-02, 6.531259E-03, 6.531259E-03,-7.538189E-03,-7.538189E-03,-.0255442,-.0255442,-2.933878E-02,-2.933878E-02,-2.793905E-02,-2.793905E-02,-1.698556E-02,-1.698556E-02,-1.533149E-03,-1.533149E-03, 7.573946E-03, 7.573946E-03, 2.051064E-02
NPOINT	9
RADPOS	0, .6000001, .8500004, 51.56615, 52.06746, 56.58033, 65.11084, 71.63953, 75.85799
PM_X	0, 0, 0, 0, 0, 0, 0, 0, 0
PM_Y	50, 50, 50, 70, 80, 70, 80, 70, 30
PMASS	500, 100, 31, 3.5, 4.5, 3.5, 2.5, 3.5, 2.8
MEND	
	
MSTART RMASS	
HUBMAS	43000
HUBCTR	.032
HUBINE	85400
HUBINE2	94800
CWTMAS	0
CWTINE	0
MEND	
	
MSTART NMASS	
NACMAS	165000
NMX	.017
NMY	1.33
NMZ	-1.1
IYAW	2100000
INOD	2300000
IROLL	570000
MEND	
	
MSTART RTOL	
MTOLM	23.15
MTOLR	33.11
MTOLTH	0
ATOLB	0,-5.23598354139262E-03, 5.23598354139262E-03
ATOLP	0, 0, 0
PFAIL	M,M,M
PTLOCK	1.745328E-02, 1.745328E-02, 1.745328E-02
FAILTIME	1
ATOLAZ	0, 0, 0
MEND	
	
MSTART NGEOM	
NACW	5.1
NACL	12
NACH	3.7
NACZ	-9.6
NACCD	0
MEND	
	
MSTART TGEOM	
TMODEL	2
NTE	40
TJ	0,2.63,5.13,6.38,8.69,11.19,13.79,16.29,18.63,21.13,23.63,25.99,28.51,28.67,31.1,33.56,35.96,38.41,40.86,43.31,45.76,48.33,50.904,53.354,55.807,58.261,60.714,63.214,65.714,68.314,70.869,73.324,75.778,78.233,80.687,83.142,85.597,88.052,89.875,92.23
TDIAM	4.46,4.46,4.46,4.4459,4.445,4.444,4.4424,4.4407,4.4393,4.4377,4.4368,4.4361,4.4353,4.4352,4.4343,4.4334,4.4325,4.4316,4.4307,4.4298,4.4289,4.428,4.427,4.4261,4.4252,4.4243,4.4235,4.4226,4.4217,4.4207,4.37097,4.32135,4.27164,4.22192,4.17231,4.12278,4.07326,4.02353,3.9988,3.955
TDRAGC	0
OFFSHORE	0
SEADEPTH	0
CDTOW	0
CMTOW	0
MEND	
	
MSTART WINDV	
WVMODEL	1
WSHEAR	0
MEND	
	
MSTART TOWSDW	
TSMODEL	1
TDCORR	1
MEND	
	
MSTART YAWCON	
YMODEL	2
QCOUL	9.99999E+08
YRATE	0
MEND	
	
MSTART OUTPUT	
AEROD_NSTS	2
AEROD_STS	1,34
AEROD	0
C_AXES	GL
BLOADS_NSTS	34
BLOADS_STS	1,2,3,4,5,6,7,8,9,10,11,12,13,14,15,16,17,18,19,20,21,22,23,24,25,26,27,28,29,30,31,32,33,34
BMFLAP	0
BMEDGE	0
SFFLAP	0
SFEDGE	0
BMOUPL	0
BMINPL	0
SFOUPL	0
SFINPL	0
RADIAL	0
PITMOM	0
UNTWIST	A
BL_AERO	0
BL_USER	A
BDEFLS_NSTS	2
BDEFLS_STS	1,34
BDEFLOP	A
BDEFLIP	A
BLDACC	A
TLOADS_NSTS	6
TLOADS_STS	1,6,13,22,30,40
TOW_MX	1
TOW_MY	1
TOW_MZ	1
TOW_FX	1
TOW_FY	1
TOW_FZ	1
TOWD	1
HUBL	1
HUBF	1
DRIVET	1
GENER	1
CONTL	1
GENERAL	1
TEETL	0
COEFF	0
POW	0
SOFTP	2
STATE	0
TDISPS	1
TDISPS_NSTS	2
TDISPS_POS 0 92.23	
MEND	
	
MSTART AEROINFO	
WSPEED	9.3
PITCH	0
OMEGA	1.14144432671928
MEND	
	
MSTART BRAKE	
BMODEL	1
BRKMAX	27075
RAMPTIME	.5
MEND	
	
MSTART ESTOP	
ESTOPMODEL	2
MEND	
	
MSTART INITCON	
INAZI	0
INIMD	0
MEND	
	
MSTART NSTOP	
NSTOPMODEL	2
MEND	
	
MSTART PCOEFF	
TSRMIN	2
TSRMAX	20
TSRSTP	.1
PITCH	0
OMEGA	1.04300788399474
MEND	
	
MSTART	PCURVE
VMIN	3
VMAX	22
VSTEP	.1
SCHED	Y
MEND	
	
MSTART SLOAD	
VMIN	3
VMAX	25
VSTEP	1
SCHED	Y
MEND	
	
MSTART SPLOAD	
WSPEED	.00001
AZIMUTH	0
YAW	0
INC	0
PITCH	0
SWEEP	A
END	6.28318
STEP	1.74532777777778E-02
MEND	
	
MSTART START	
STARTMODEL	2
STARTOMG	0
STARTPIT	1.570795
MEND	
	
MSTART TMASS	
TOWM	6510.63,6510.63,6510.63,4980.64,4882.98,4774.45,4600.83,4416.37,4264.46,4090.84,3993.18,3917.22,3830.42,3819.56,3721.92,3624.26,3526.6,3428.93,3331.27,3233.61,3135.94,3038.31,2929.78,2832.12,2734.45,2636.82,2549.99,2452.33,2354.67,2246.17,2178.06,2121.55,2055.28,1990,1935.9,1892.67,1849.94,1787.92,2936.29,2903.89
FMASS	1310000
FOUNDI	0
NTPM	40
HTPM	0,2.63,5.13,6.38,8.69,11.19,13.79,16.29,18.63,21.13,23.63,25.99,28.51,28.67,31.1,33.56,35.96,38.41,40.86,43.31,45.76,48.33,50.904,53.354,55.807,58.261,60.714,63.214,65.714,68.314,70.869,73.324,75.778,78.233,80.687,83.142,85.597,88.052,89.875,92.23
MTPM	6579,125,63,116,116,11194,125,117,125,125,118,118,7815,122,123,120,123,123,123,123,123,6371,123,123,123,123,125,125,125,5409,123,123,123,123,123,123,123,91,109,2119
MEND	
	
MSTART TSTIFF	
EITOW	4.216E+11, 4.216E+11, 4.216E+11, 3.225E+11, 3.162E+11, 3.091E+11, 2.979E+11, 2.859E+11, 2.761E+11, 2.649E+11, 2.585E+11, 2.536E+11, 2.48E+11, 2.473E+11, 2.41E+11, 2.346E+11, 2.283E+11, 2.22E+11, 2.157E+11, 2.093E+11, 2.03E+11, 1.967E+11, 1.897E+11, 1.834E+11, 1.77E+11, 1.707E+11, 1.651E+11, 1.588E+11, 1.524E+11, 1.454E+11, 1.379E+11, 1.313E+11, 1.243E+11, 1.175E+11, 1.117E+11, 1.066E+11, 1.017E+11, 9.592E+10, 1.547E+11, 1.496E+11
TRANDOF	N
ROTDOF	N
MEND	
	
MSTART BSTIFFMB	
EIFLAP	3.663191E+10, 3.462293E+10, 3.462293E+10, 1.362753E+10, 1.362753E+10, 9.373784E+09, 9.373784E+09, 7.702618E+09, 7.702618E+09, 7.230584E+09, 7.230584E+09, 6.925044E+09, 6.925044E+09, 6.004272E+09, 6.004272E+09, 5.044173E+09, 5.044173E+09, 4.152282E+09, 4.152282E+09, 2.878213E+09, 2.878213E+09, 2.223591E+09, 2.223591E+09, 1.731666E+09, 1.731666E+09, 1.312952E+09, 1.312952E+09, 9.548891E+08, 9.548891E+08, 6.916832E+08, 6.916832E+08, 5.095013E+08, 5.095013E+08, 3.754115E+08, 3.754115E+08, 2.760805E+08, 2.760805E+08, 2.036238E+08, 2.036238E+08, 1.435848E+08, 1.435848E+08, 1.0158E+08, 1.0158E+08, 7.158062E+07, 7.158062E+07, 4.976053E+07, 4.976053E+07, 3.414835E+07, 3.414835E+07, 2.196688E+07, 2.196688E+07, 1.3149E+07, 1.3149E+07, 6788718, 6788718, 2854992, 2854992, 1406461, 1406461, 684582, 684582, 183486.3, 183486.3, 51698.61, 51698.61, 24.95527
EIEDGE	3.680415E+10, 3.479694E+10, 3.479694E+10, 1.382655E+10, 1.382655E+10, 9.819222E+09, 9.819222E+09, 8.343628E+09, 8.343628E+09, 7.73638E+09, 7.73638E+09, 8.502105E+09, 8.502105E+09, 8.495493E+09, 8.495493E+09, 8.668764E+09, 8.668764E+09, 9.068962E+09, 9.068962E+09, 6.853153E+09, 6.853153E+09, 5.7711E+09, 5.7711E+09, 4.592843E+09, 4.592843E+09, 3.5708E+09, 3.5708E+09, 2.727744E+09, 2.727744E+09, 2.300829E+09, 2.300829E+09, 1.758315E+09, 1.758315E+09, 1.302649E+09, 1.302649E+09, 9.443155E+08, 9.443155E+08, 7.711095E+08, 7.711095E+08, 5.645683E+08, 5.645683E+08, 4.31946E+08, 4.31946E+08, 2.757796E+08, 2.757796E+08, 2.005656E+08, 2.005656E+08, 1.41932E+08, 1.41932E+08, 1.031497E+08, 1.031497E+08, 7.213121E+07, 7.213121E+07, 4.774002E+07, 4.774002E+07, 2.448737E+07, 2.448737E+07, 1.521507E+07, 1.521507E+07, 7154624, 7154624, 2923558, 2923558, 1238944, 1238944, 2041.584
BETA_S	.1808458, .1797813, .1797813, .1709294, .1709294,-1.427936,-1.427936,-1.474904,-1.474904, .4475739, .4475739, .2970267, .2970267, .2440377, .2440377, .2014892, .2014892, .1742156, .1742156, .1484928, .1484928, .1284167, .1284167, .1130434, .1130434, 9.222973E-02, 9.222973E-02, 7.861159E-02, 7.861159E-02, 6.777052E-02, 6.777052E-02, .0535581, .0535581, 4.017201E-02, 4.017201E-02, 3.059945E-02, 3.059945E-02, 2.491721E-02, 2.491721E-02, 1.455984E-02, 1.455984E-02, 6.692596E-03, 6.692596E-03, 3.450618E-03, 3.450618E-03, 2.538403E-03, 2.538403E-03, 2.256852E-03, 2.256852E-03,-1.236239E-03,-1.236239E-03,-1.432796E-02,-1.432796E-02,-3.210635E-02,-3.210635E-02,-3.490154E-02,-3.490154E-02,-3.824998E-02,-3.824998E-02,-2.429892E-02,-2.429892E-02,-3.463971E-03,-3.463971E-03, 6.789938E-03, 6.789938E-03, 2.002235E-02
GJ	8.68452E+09, 8.413362E+09, 8.413362E+09, 5.569219E+09, 5.569219E+09, 4.390006E+09, 4.390006E+09, 3.193681E+09, 3.193681E+09, 2.873186E+09, 2.873186E+09, 2.222695E+09, 2.222695E+09, 1.530991E+09, 1.530991E+09, 1.131281E+09, 1.131281E+09, 9.082067E+08, 9.082067E+08, 4.597E+08, 4.597E+08, 2.564431E+08, 2.564431E+08, 2.220539E+08, 2.220539E+08, 1.458989E+08, 1.458989E+08, 1.028038E+08, 1.028038E+08, 7.998588E+07, 7.998588E+07, 6.234432E+07, 6.234432E+07, 4.390486E+07, 4.390486E+07, 2.574663E+07, 2.574663E+07, 3.340489E+07, 3.340489E+07, 1.497028E+07, 1.497028E+07, 1.147769E+07, 1.147769E+07, 8864357, 8864357, 6856189, 6856189, 5228470, 5228470, 3726152, 3726152, 2575167, 2575167, 1633409, 1633409, 864971.2, 864971.2, 510371.5, 510371.5, 291509, 291509, 97856.77, 97856.77, 24893.19, 24893.19, 1.222601
EA	3.742968E+10, 3.528205E+10, 3.528205E+10, 1.349199E+10, 1.349199E+10, 9.40879E+09, 9.40879E+09, 7.400138E+09, 7.400138E+09, 6.406763E+09, 6.406763E+09, 6.407955E+09, 6.407955E+09, 5.988604E+09, 5.988604E+09, 5.74454E+09, 5.74454E+09, 5.663894E+09, 5.663894E+09, 4.839928E+09, 4.839928E+09, 4.63315E+09, 4.63315E+09, 4.455261E+09, 4.455261E+09, 4.242827E+09, 4.242827E+09, 3.976599E+09, 3.976599E+09, 3.804875E+09, 3.804875E+09, 3.723204E+09, 3.723204E+09, 3.618895E+09, 3.618895E+09, 3.52159E+09, 3.52159E+09, 3.439437E+09, 3.439437E+09, 3.114786E+09, 3.114786E+09, 2.883594E+09, 2.883594E+09, 2.609474E+09, 2.609474E+09, 2.351765E+09, 2.351765E+09, 2.091366E+09, 2.091366E+09, 1.840468E+09, 1.840468E+09, 1.529914E+09, 1.529914E+09, 1.149741E+09, 1.149741E+09, 7.35914E+08, 7.35914E+08, 5.239958E+08, 5.239958E+08, 3.465148E+08, 3.465148E+08, 2.228944E+08, 2.228944E+08, 1.821011E+08, 1.821011E+08, 1.492453E+07
CS_X	-6.321377E-03,-6.542146E-03,-6.542146E-03,-9.489607E-03,-9.489607E-03,-.4436755,-.4436755,-.1516005,-.1516005, .1305083, .1305083, .5462196, .5462196, .9168325, .9168325, 1.317872, 1.317872, 1.126384, 1.126384, 1.661869, 1.661869, 1.625825, 1.625825, 1.546871, 1.546871, 1.634526, 1.634526, 2.057008, 2.057008, .9294797, .9294797, .8610831, .8610831, .7017066, .7017066, .6829926, .6829926, .673645, .673645, .8271899, .8271899, .937638, .937638, .8854253, .8854253, .9206092, .9206092, .9970074, .9970074, .5533347, .5533347, .6498163, .6498163, 1.36815, 1.36815, 2.138247, 2.138247, 2.756324, 2.756324, 2.225862, 2.225862, 2.304004, 2.304004, 2.633691, 2.633691, 6.337491
CS_Y	50.23846, 50.24703, 50.24703, 50.36371, 50.36371, 50.61895, 50.61895, 49.43431, 49.43431, 40.08286, 40.08286, 31.73706, 31.73706, 31.27923, 31.27923, 29.30444, 29.30444, 30.69556, 30.69556, 29.6411, 29.6411, 30.72666, 30.72666, 30.99247, 30.99247, 31.30733, 31.30733, 30.45216, 30.45216, 29.17602, 29.17602, 27.9684, 27.9684, 26.98587, 26.98587, 26.45925, 26.45925, 24.89449, 24.89449, 26.84675, 26.84675, 27.36464, 27.36464, 27.63935, 27.63935, 27.73477, 27.73477, 28.13064, 28.13064, 28.80402, 28.80402, 29.29499, 29.29499, 30.54061, 30.54061, 31.23887, 31.23887, 33.10888, 33.10888, 33.78185, 33.78185, 22.16271, 22.16271, 2.885768, 2.885768, 1.644689
MEND	
	
MSTART IDLING	
IDLEPITCH	1.5708000600018
IDLING_CONTROL	0
MEND	
	
MSTART PLOAD	
PARKPITCH	1.5708000600018
PARKAZIM	0
PARKED_CONTROL	0
MEND	
	
	
	]]>
	</BladedData>
	
</BladedProject>	
